0 0
0.125 0.125
0.25 0.25
0.375 0.375
0.5 0.5
0.625 0.625
0.75 0.75
0.875 0.875
1 1
1.1 1.1
1.2 1.1
1.3 1.3
1.4 1.6
1.5 2
1.5 2.5
1.4 2.8
1.3 2.9
1.2 3
1.1 3.1
1 3
0.9 2.7
0.75 2.5
0.7 2.3
0.7 2
0.75 1.8
0.9 1.7
1 1.6
1.1 1.4
1.3 1.4
1.4 1.3
1.5 1.1
1.55 0.9
1.55 0.7
1.5 0.6
1.4 0.55
1.35 0.6
1.35 0.8
1.4 0.85
1.5 0.9
1.55 1.2
1.6 1.6
1.65 1.8
1.7 2
1.8 2
1.9 2
2 2
2.1 1.7
2.2 1.55
2.3 1.45
2.4 1.4
2.5 1.37
2.6 1.35
2.6 1
2.6 0.9
2.6 0.8
2.6 0.7
2.6 0.6
2.6 0.5
2.6 0.4
2.6 0.3
2.6 0.2
2.6 0.1
2.6 0
2.62 0
2.64 1.10858472437248
2.66 1.96637460395348
2.68 2.46454409288153
2.7 2.55634245230911
2.72 2.2593032527813
2.74 1.64768339134709
2.76 0.837012017285828
2.78 -0.0363364568740539
2.8 -0.837112001480633
2.82 -1.45130158702825
2.84 -1.8015238068619
2.86 -1.85576911517359
2.88 -1.62869197327526
2.9 -1.175834563651
2.92 -0.5821881844395
2.94 0.052764024757305
2.96 0.631018687126269
2.98 1.07057484081037
3 1.31645013831454
3.02 1.34681495567373
3.04 1.17370365906041
3.06 0.838613731889308
3.08 0.40404305556877
3.1 -0.0574584924306263
3.12 -0.474896913736156
3.14 -0.789317143910714
3.16 -0.961682163948456
3.18 -0.977171654563253
3.2 -0.845533484664926
3.22 -0.597739013120576
3.24 -0.279725897764829
3.26 0.0556131782099383
3.28 0.356864549764032
3.3 0.581658287853749
3.32 0.70230066746274
3.34 0.708781757134383
3.36 0.608910768498988
3.38 0.425779780177981
3.4 0.193140023337733
3.42 -0.050458247517631
3.44 -0.267792051010171
3.46 -0.428422740236886
3.48 -0.512720291435142
3.5 -0.513963964961479
3.52 -0.438353508592023
3.54 -0.303089875115692
3.56 -0.132960514349496
3.58 0.0439458133349059
3.6 0.200687800535697
3.62 0.315406951529992
3.64 0.374201278145366
3.66 0.372589782051703
3.68 0.315457354248954
3.7 0.215605151875111
3.72 0.091230163897722
3.74 -0.0372072894155244
3.76 -0.150213238634545
3.78 -0.232097116816739
3.8 -0.273022664946915
3.82 -0.270026838239139
3.84 -0.226933887486239
3.86 -0.153262390050923
3.88 -0.0623658868641574
3.9 0.0308562627933171
3.92 0.112302890597329
3.94 0.170715605783681
3.96 0.199141628732552
3.98 0.195641130346322
4 0.163191524000978
4.02 0.108864744914699
4.04 0.0424562824317299
4.06 -0.02518713486312
4.08 -0.0838682788283221
4.1 -0.125512402013043
4.12 -0.145209985596151
4.14 -0.14170660251457
4.16 -0.117309244439411
4.18 -0.0772679666917022
4.2 -0.0287655394893654
4.22 0.0203038649270569
4.24 0.0625683312876074
4.26 0.0922390150356198
4.28 0.105852971403155
4.3 0.102611509019585
4.32 0.0842946338144965
4.34 0.0547969524109713
4.36 0.0193834496031173
4.38 -0.016202176249857
4.4 -0.0466321173990115
4.42 -0.0677581688044081
4.44 -0.0771405541978054
4.46 -0.0742809468978977
4.48 -0.0605476272172305
4.5 -0.0388276235735308
4.52 -0.0129787791627837
4.54 0.0128210416487987
4.56 0.0347225054549305
4.58 0.0497544340657629
4.6 0.0562000225900307
4.62 0.0537567967412377
4.64 0.0434730472872174
4.66 0.0274874201637716
4.68 0.00862568756405476
4.7 -0.0100740988842601
4.72 -0.0258316500879974
4.74 -0.0365198470853156
4.76 -0.0409321998525821
4.78 -0.0388922505630631
4.8 -0.0312007342358447
4.82 -0.0194408619304056
4.84 -0.00568171473864738
4.86 0.00786812086208646
4.88 0.0192011224611491
4.9 0.0267951888095093
4.92 0.0298036387467967
4.94 0.0281297309631537
4.96 0.0223834538205002
4.98 0.013736090012698
5 0.00370213570873802
